11.160052945
11.609115205000002
12.043480137500001
12.459317635000001
12.853066525
13.2214856775
13.561700157500002
13.871241685000001
14.148082777499999
14.390664055
14.597914290000002
14.7692629
14.9046446675
15.004496685
15.069747512500001
15.101798777499999
15.102499497499998
15.074113539999999
15.0192807375
14.940972289999998
14.842441152500001
14.727168185
14.598804959999999
14.46111408
14.3179079875
14.1729872275
14.0300791225
13.89277784
13.7644867975
13.64836432
13.54727338
13.4637362375
13.39989469
13.357476525000001
13.33776874
13.3415979275
13.3693181275
13.4208063325
13.49546572
13.5922365425
13.70961449
13.8456762575
13.9981118625
14.164263215000002
14.341168342500001
14.525610507499998
14.714171494999999
14.903288175
15.089311445
15.268566635
15.4374143775
15.5923109925
15.729867425000002
15.8469057725
15.940512524999999
16.0080876575
16.047388769999998
16.05656961
16.03421231
15.979352865000001
15.891499405000001
15.770642980000002
15.617260680000001
15.432311017499998
15.217221652500001
14.9738696375
14.7045544825
14.411964467499999
14.09913672
13.769411674999999
13.426382655
13.07384132
12.715719884999999
12.356030992500001
11.99880617
11.6480338825
11.30759811
10.981218445
10.672392657500001
10.3843426045
10.1199643795
9.88178345
9.6719155185
9.49203372375
9.343342689
9.226559848499999
9.141904341750001
9.089093657
9.0673480845
9.075402914500001
9.11152819475
9.17355574375
9.258912999
9.364663178249998
9.48755112375
9.6240541195
9.770436886499999
9.92280989725
10.077190102249999
10.2295631125
10.37594588
10.512448875
10.635336820000001
10.741086999999998
10.826444255
10.888471805
10.924597085
10.932651915000001
10.9109063425
10.8580956575
10.7734401525
10.656657312499998
10.5079662775
10.3280844825
10.11821655075
9.880035620249998
9.615657395
9.32760734275
9.01878155375
8.692401889000001
8.35196611575
8.001193829
7.64396900825
7.28428011575
6.9261586820000005
6.57361734625
6.23058832525
5.90086328125
5.58803553325
5.295445519
5.026130364
4.7827783485
4.5676889835
4.382739320500001
4.2293570205
4.10850059625
4.020647136
3.965787691
3.94343039025
3.95261122825
3.9919123405
4.05948747175
4.1530942255
4.270132573000001
4.4076890055
4.5625856215
4.7314333635
4.9106885535
5.096711824
5.28582850325
5.47438949175
5.658831657
5.83573678375
6.001888137750001
6.154323742
6.290385510749999
6.407763459000001
6.5045342797500005
6.579193667249999
6.630681872
6.658402071249999
6.662231258749999
6.64252347325
6.600105307
6.536263759500001
6.452726619
6.35163567825
6.235513200500001
6.10722215925
5.969920876750001
5.82701277325
5.682092015499999
5.538885923999999
5.4011950422499995
5.2728318155
5.157558847499999
5.0590277082499995
4.980719262
4.92588646
4.897500502
4.89820122225
4.930252487500001
4.995503315250001
5.0953553335
5.23073710225
5.40208571075
5.609335947
5.85191722375
6.128758315000001
6.438299842
6.778514322
7.1469334735
7.540682363
7.9565198622499995
8.390884795
8.839947055500001
9.299662906250001
9.765833598
10.234166402
10.700337094999998
11.160052945
11.609115205000002
12.043480137500001
12.459317635000001
12.853066525
13.2214856775
13.561700157500002
13.871241685000001
14.148082777499999
14.390664055
14.597914290000002
14.7692629
14.9046446675
15.004496685
15.069747512500001
15.101798777499999
15.102499497499998
15.074113539999999
15.0192807375
14.940972289999998
14.842441152500001
14.727168185
14.598804959999999
14.46111408
14.3179079875
14.1729872275
14.0300791225
13.89277784
13.7644867975
13.64836432
13.54727338
13.4637362375
13.39989469
13.357476525000001
13.33776874
13.3415979275
13.3693181275
13.4208063325
13.49546572
13.5922365425
13.70961449
13.8456762575
13.9981118625
14.164263215000002
14.341168342500001
14.525610507499998
14.714171494999999
14.903288175
15.089311445
15.268566635
15.4374143775
15.5923109925
15.729867425000002
15.8469057725
15.940512524999999
16.0080876575
16.047388769999998
16.05656961
16.03421231
15.979352865000001
15.891499405000001
15.770642980000002
15.617260680000001
15.432311017499998
15.217221652500001
14.9738696375
14.7045544825
14.411964467499999
14.09913672
13.769411674999999
13.426382655
13.07384132
12.715719884999999
12.356030992500001
11.99880617
11.6480338825
11.30759811
10.981218445
10.672392657500001
10.3843426045
10.1199643795
9.88178345
9.6719155185
9.49203372375
9.343342689
9.226559848499999
9.141904341750001
9.089093657
9.0673480845
9.075402914500001
9.11152819475
9.17355574375
9.258912999
9.364663178249998
9.48755112375
9.6240541195
9.770436886499999
9.92280989725
10.077190102249999
10.2295631125
10.37594588
10.512448875
10.635336820000001
10.741086999999998
10.826444255
10.888471805
10.924597085
10.932651915000001
10.9109063425
10.8580956575
10.7734401525
10.656657312499998
10.5079662775
10.3280844825
10.11821655075
9.880035620249998
9.615657395
9.32760734275
9.01878155375
8.692401889000001
8.35196611575
8.001193829
7.64396900825
7.28428011575
6.9261586820000005
6.57361734625
6.23058832525
5.90086328125
5.58803553325
5.295445519
5.026130364
4.7827783485
4.5676889835
4.382739320500001
4.2293570205
4.10850059625
4.020647136
3.965787691
3.94343039025
3.95261122825
3.9919123405
4.05948747175
4.1530942255
4.270132573000001
4.4076890055
4.5625856215
4.7314333635
4.9106885535
5.096711824
5.28582850325
5.47438949175
5.658831657
5.83573678375
6.001888137750001
6.154323742
6.290385510749999
6.407763459000001
6.5045342797500005
6.579193667249999
6.630681872
6.658402071249999
6.662231258749999
6.64252347325
6.600105307
6.536263759500001
6.452726619
6.35163567825
6.235513200500001
6.10722215925
5.969920876750001
5.82701277325
5.682092015499999
5.538885923999999
5.4011950422499995
5.2728318155
5.157558847499999
5.0590277082499995
4.980719262
4.92588646
4.897500502
4.89820122225
4.930252487500001
4.995503315250001
5.0953553335
5.23073710225
5.40208571075
5.609335947
5.85191722375
6.128758315000001
6.438299842
6.778514322
7.1469334735
7.540682363
7.9565198622499995
8.390884795
8.839947055500001
9.299662906250001
9.765833598
10.234166402
10.700337094999998
11.160052945
11.609115205000002
12.043480137500001
12.459317635000001
12.853066525
13.2214856775
13.561700157500002
13.871241685000001
14.148082777499999
14.390664055
14.597914290000002
14.7692629
14.9046446675
15.004496685
15.069747512500001
15.101798777499999
15.102499497499998
15.074113539999999
15.0192807375
14.940972289999998
14.842441152500001
14.727168185
14.598804959999999
14.46111408
14.3179079875
14.1729872275
14.0300791225
13.89277784
13.7644867975
13.64836432
13.54727338
13.4637362375
13.39989469
13.357476525000001
13.33776874
13.3415979275
13.3693181275
13.4208063325
13.49546572
13.5922365425
13.70961449
13.8456762575
13.9981118625
14.164263215000002
14.341168342500001
14.525610507499998
14.714171494999999
14.903288175
15.089311445
15.268566635
15.4374143775
15.5923109925
15.729867425000002
15.8469057725
15.940512524999999
16.0080876575
16.047388769999998
16.05656961
16.03421231
15.979352865000001
15.891499405000001
15.770642980000002
15.617260680000001
15.432311017499998
15.217221652500001
14.9738696375
14.7045544825
14.411964467499999
14.09913672
13.769411674999999
13.426382655
13.07384132
12.715719884999999
12.356030992500001
11.99880617
11.6480338825
11.30759811
10.981218445
10.672392657500001
10.3843426045
10.1199643795
9.88178345
9.6719155185
9.49203372375
9.343342689
9.226559848499999
9.141904341750001
9.089093657
9.0673480845
9.075402914500001
9.11152819475
9.17355574375
9.258912999
9.364663178249998
9.48755112375
9.6240541195
9.770436886499999
9.92280989725
10.077190102249999
10.2295631125
10.37594588
10.512448875
10.635336820000001
10.741086999999998
10.826444255
10.888471805
10.924597085
10.932651915000001
10.9109063425
10.8580956575
10.7734401525
10.656657312499998
10.5079662775
10.3280844825
10.11821655075
9.880035620249998
9.615657395
9.32760734275
9.01878155375
8.692401889000001
8.35196611575
8.001193829
7.64396900825
7.28428011575
6.9261586820000005
6.57361734625
6.23058832525
5.90086328125
5.58803553325
5.295445519
5.026130364
4.7827783485
4.5676889835
4.382739320500001
4.2293570205
4.10850059625
4.020647136
3.965787691
3.94343039025
3.95261122825
3.9919123405
4.05948747175
4.1530942255
4.270132573000001
4.4076890055
4.5625856215
4.7314333635
4.9106885535
5.096711824
5.28582850325
5.47438949175
5.658831657
5.83573678375
6.001888137750001
6.154323742
6.290385510749999
6.407763459000001
6.5045342797500005
6.579193667249999
6.630681872
6.658402071249999
6.662231258749999
6.64252347325
6.600105307
6.536263759500001
6.452726619
6.35163567825
6.235513200500001
6.10722215925
5.969920876750001
5.82701277325
5.682092015499999
5.538885923999999
5.4011950422499995
5.2728318155
5.157558847499999
5.0590277082499995
4.980719262
4.92588646
4.897500502
4.89820122225
4.930252487500001
4.995503315250001
5.0953553335
5.23073710225
5.40208571075
5.609335947
5.85191722375
6.128758315000001
6.438299842
6.778514322
7.1469334735
7.540682363
7.9565198622499995
8.390884795
8.839947055500001
9.299662906250001
9.765833598
10.234166402
10.700337094999998
11.160052945
11.609115205000002
12.043480137500001
12.459317635000001
12.853066525
13.2214856775
13.561700157500002
13.871241685000001
14.148082777499999
14.390664055
14.597914290000002
14.7692629
14.9046446675
15.004496685
15.069747512500001
15.101798777499999
15.102499497499998
15.074113539999999
15.0192807375
14.940972289999998
14.842441152500001
14.727168185
14.598804959999999
14.46111408
14.3179079875
14.1729872275
14.0300791225
13.89277784
13.7644867975
13.64836432
13.54727338
13.4637362375
13.39989469
13.357476525000001
13.33776874
13.3415979275
13.3693181275
13.4208063325
13.49546572
13.5922365425
13.70961449
13.8456762575
13.9981118625
14.164263215000002
14.341168342500001
14.525610507499998
14.714171494999999
14.903288175
15.089311445
15.268566635
15.4374143775
15.5923109925
15.729867425000002
15.8469057725
15.940512524999999
16.0080876575
16.047388769999998
16.05656961
16.03421231
15.979352865000001
15.891499405000001
15.770642980000002
15.617260680000001
15.432311017499998
15.217221652500001
14.9738696375
14.7045544825
14.411964467499999
14.09913672
13.769411674999999
13.426382655
13.07384132
12.715719884999999
12.356030992500001
11.99880617
11.6480338825
11.30759811
10.981218445
10.672392657500001
10.3843426045
10.1199643795
9.88178345
9.6719155185
9.49203372375
9.343342689
9.226559848499999
9.141904341750001
9.089093657
9.0673480845
9.075402914500001
9.11152819475
9.17355574375
9.258912999
9.364663178249998
9.48755112375
9.6240541195
9.770436886499999
9.92280989725
10.077190102249999
10.2295631125
10.37594588
10.512448875
10.635336820000001
10.741086999999998
10.826444255
10.888471805
10.924597085
10.932651915000001
10.9109063425
10.8580956575
10.7734401525
10.656657312499998
10.5079662775
10.3280844825
10.11821655075
9.880035620249998
9.615657395
9.32760734275
9.01878155375
8.692401889000001
8.35196611575
8.001193829
7.64396900825
7.28428011575
6.9261586820000005
6.57361734625
6.23058832525
5.90086328125
5.58803553325
5.295445519
5.026130364
4.7827783485
4.5676889835
4.382739320500001
4.2293570205
4.10850059625
4.020647136
3.965787691
3.94343039025
3.95261122825
3.9919123405
4.05948747175
4.1530942255
4.270132573000001
4.4076890055
4.5625856215
4.7314333635
4.9106885535
5.096711824
5.28582850325
5.47438949175
5.658831657
5.83573678375
6.001888137750001
6.154323742
6.290385510749999
6.407763459000001
6.5045342797500005
6.579193667249999
6.630681872
6.658402071249999
6.662231258749999
6.64252347325
6.600105307
6.536263759500001
6.452726619
6.35163567825
6.235513200500001
6.10722215925
5.969920876750001
5.82701277325
5.682092015499999
5.538885923999999
5.4011950422499995
5.2728318155
5.157558847499999
5.0590277082499995
4.980719262
4.92588646
4.897500502
4.89820122225
4.930252487500001
4.995503315250001
5.0953553335
5.23073710225
5.40208571075
5.609335947
5.85191722375
6.128758315000001
6.438299842
6.778514322
7.1469334735
7.540682363
7.9565198622499995
8.390884795
8.839947055500001
9.299662906250001
9.765833598
10.234166402
10.700337094999998
11.160052945
11.609115205000002
12.043480137500001
12.459317635000001
12.853066525
13.2214856775
13.561700157500002
13.871241685000001
14.148082777499999
14.390664055
14.597914290000002
14.7692629
14.9046446675
15.004496685
15.069747512500001
15.101798777499999
15.102499497499998
15.074113539999999
15.0192807375
14.940972289999998
14.842441152500001
14.727168185
14.598804959999999
14.46111408
14.3179079875
14.1729872275
14.0300791225
13.89277784
13.7644867975
13.64836432
13.54727338
13.4637362375
13.39989469
13.357476525000001
13.33776874
13.3415979275
13.3693181275
13.4208063325
13.49546572
13.5922365425
13.70961449
13.8456762575
13.9981118625
14.164263215000002
14.341168342500001
14.525610507499998
14.714171494999999
14.903288175
15.089311445
15.268566635
15.4374143775
15.5923109925
15.729867425000002
15.8469057725
15.940512524999999
16.0080876575
16.047388769999998
16.05656961
16.03421231
15.979352865000001
15.891499405000001
15.770642980000002
15.617260680000001
15.432311017499998
15.217221652500001
14.9738696375
14.7045544825
14.411964467499999
14.09913672
13.769411674999999
13.426382655
13.07384132
12.715719884999999
12.356030992500001
11.99880617
11.6480338825
11.30759811
10.981218445
10.672392657500001
10.3843426045
10.1199643795
9.88178345
9.6719155185
9.49203372375
9.343342689
9.226559848499999
9.141904341750001
9.089093657
9.0673480845
9.075402914500001
9.11152819475
9.17355574375
9.258912999
9.364663178249998
9.48755112375
9.6240541195
9.770436886499999
9.92280989725
10.077190102249999
10.2295631125
10.37594588
10.512448875
10.635336820000001
10.741086999999998
10.826444255
10.888471805
10.924597085
10.932651915000001
10.9109063425
10.8580956575
10.7734401525
10.656657312499998
10.5079662775
10.3280844825
10.11821655075
9.880035620249998
9.615657395
9.32760734275
9.01878155375
8.692401889000001
8.35196611575
8.001193829
7.64396900825
7.28428011575
6.9261586820000005
6.57361734625
6.23058832525
5.90086328125
5.58803553325
5.295445519
5.026130364
4.7827783485
4.5676889835
4.382739320500001
4.2293570205
4.10850059625
4.020647136
3.965787691
3.94343039025
3.95261122825
3.9919123405
4.05948747175
4.1530942255
4.270132573000001
4.4076890055
4.5625856215
4.7314333635
4.9106885535
5.096711824
5.28582850325
5.47438949175
5.658831657
5.83573678375
6.001888137750001
6.154323742
6.290385510749999
6.407763459000001
6.5045342797500005
6.579193667249999
6.630681872
6.658402071249999
6.662231258749999
6.64252347325
6.600105307
6.536263759500001
6.452726619
6.35163567825
6.235513200500001
6.10722215925
5.969920876750001
5.82701277325
5.682092015499999
5.538885923999999
5.4011950422499995
5.2728318155
5.157558847499999
5.0590277082499995
4.980719262
4.92588646
4.897500502
4.89820122225
4.930252487500001
4.995503315250001
5.0953553335
5.23073710225
5.40208571075
5.609335947
5.85191722375
6.128758315000001
6.438299842
6.778514322
7.1469334735
7.540682363
7.9565198622499995
8.390884795
8.839947055500001
9.299662906250001
7.0
7.0
7.0
7.0
7.0
7.0
7.0
7.0
7.0
7.0
7.0
7.0
7.0
7.0
7.0
7.0
7.0
7.0
7.0
7.0
7.0
7.0
7.0
7.0
7.0
7.0
7.0
7.0
7.0
7.0
7.0
7.0
7.0
7.0
7.0
7.0
7.0
7.0
7.0
7.0
7.0
7.0
7.0
7.0
7.0
7.0
7.0
7.0
7.0
7.0
7.0
7.0
7.0
7.0
7.0
7.0
7.0
7.0
7.0
7.0
7.0
7.0
7.0
7.0
7.0
7.0
7.0
7.0
7.0
7.0
7.0
7.0
7.0
7.0
7.0
7.0
7.0
7.0
7.0
7.0
7.0
7.0
7.0
7.0
7.0
7.0
7.0
7.0
7.0
7.0
7.0
7.0
7.0
7.0
7.0
7.0
7.0
5.250000000000001
3.500000000000001
1.750000000000008
8.104628079763643e-15
1.3202471962526033e-14
1.3211653993039363e-14
8.08668203051333e-15
8.104628079763643e-15
1.3245446049250314e-14
1.3211653993039363e-14
8.04120794378905e-15
7.993605777301127e-15
1.3177397833512078e-14
1.3211653993039363e-14
8.134256159527286e-15
8.104628079763643e-15
-8.102770579763643e-15
-8.104628079763643e-15
8.075e-15
8.104628079763643e-15
1.3254628079763642e-14
1.3211653993039363e-14
8.05702591327572e-15
8.104628079763643e-15
1.3297602166487922e-14
1.3322676295501878e-14
8.117574129013956e-15
8.104628079763643e-15
-8.095446049250313e-15
-8.104628079763643e-15
-1.323418203051333e-14
-1.3211653993039363e-14
-8.059971962526033e-15
-8.104628079763643e-15
-1.327715611723761e-14
-1.3322676295501878e-14
-8.14552017826427e-15
-8.104628079763643e-15
-1.3209107901499373e-14
-1.3211653993039363e-14
-8.10254609153999e-15
-8.104628079763643e-15
8.075418011776346e-15
8.104628079763643e-15
-8.068289932012704e-15
-8.104628079763643e-15
-1.328633814775094e-14
-1.3322676295501878e-14
-8.128838147750939e-15
-8.104628079763643e-15
8.106710067987296e-15
8.104628079763643e-15
1.3222918011776347e-14
1.3211653993039363e-14
8.063735981263016e-15
8.104628079763643e-15
1.3265892098500626e-14
1.3211653993039363e-14
8.033261894538736e-15
7.993605777301127e-15
1.319784388276239e-14
1.3211653993039363e-14
8.113810110276972e-15
8.104628079763643e-15
1.3240817969486671e-14
1.3211653993039363e-14
8.070836023552692e-15
8.104628079763643e-15
-8.04120794378905e-15
-7.993605777301127e-15
8.147602166487922e-15
8.104628079763643e-15
-8.11797408672428e-15
-8.104628079763643e-15
-3.453665399303936e-14
-3.452793606584237e-14
-8.091282072803005e-15
-8.104628079763643e-15
8.061653993039364e-15
8.104628079763643e-15
-8.032025913275721e-15
-7.993605777301127e-15
8.138420135974594e-15
8.104628079763643e-15
3.451620794378905e-14
3.452793606584237e-14
8.086728122053319e-15
8.104628079763643e-15
-8.082100042289676e-15
-8.104628079763643e-15
8.059971962526033e-15
8.104628079763643e-15
-8.04784388276239e-15
-7.993605777301127e-15
8.129238105461263e-15
8.104628079763643e-15
3.452538997430238e-14
3.452793606584237e-14
8.10254609153999e-15
8.104628079763643e-15
-8.075418011776346e-15
-8.104628079763643e-15
8.043289932012703e-15
7.993605777301127e-15
-8.149684154711576e-15
-8.104628079763643e-15
-3.4504943925052065e-14
-3.452793606584237e-14
-8.097992140790301e-15
-8.104628079763643e-15
8.093364061026659e-15
8.104628079763643e-15
-8.063735981263016e-15
-8.104628079763643e-15
-3.4690892098500623e-14
-3.4638958368304884e-14
-8.148066269804257e-15
-8.104628079763643e-15
8.118438190040615e-15
8.104628079763643e-15
-8.113810110276972e-15
-8.104628079763643e-15
-3.461581796948667e-14
-3.4638958368304884e-14
-8.273140398818212e-15
-8.326672684688674e-15
7.946467714129539e-15
7.993605777301127e-15
-8.027861936828411e-15
-7.993605777301127e-15
-3.454074384047271e-14
-3.452793606584237e-14
-5.0733467225369656e-14
-5.0737192225369654e-14
8.075e-15
8.104628079763643e-15
-8.070371920236358e-15
-8.104628079763643e-15
8.040743840472715e-15
7.993605777301127e-15
3.450286193682841e-14
3.452793606584237e-14
8.115074129013955e-15
8.104628079763643e-15
-8.095446049250313e-15
-8.104628079763643e-15
8.06581796948667e-15
8.104628079763643e-15
3.4563810110276976e-14
3.452793606584237e-14
8.039125955565396e-15
7.993605777301127e-15
-8.120520178264268e-15
-8.104628079763643e-15
8.115892098500627e-15
8.104628079763643e-15
-8.086264018736984e-15
-8.104628079763643e-15
-3.456836406102666e-14
-3.452793606584237e-14
-8.05957200481571e-15
-8.104628079763643e-15
8.029943925052066e-15
7.993605777301127e-15
-8.126338147750939e-15
-8.104628079763643e-15
-3.44432899320127e-14
-3.441691376337985e-14
-7.973623831367148e-15
-7.993605777301127e-15
8.080018054066023e-15
8.104628079763643e-15
-8.05038997430238e-15
-8.104628079763643e-15
-3.447923810546126e-14
-3.452793606584237e-14
-8.048697960381104e-15
-7.993605777301127e-15
8.055092183079977e-15
8.104628079763643e-15
-8.075464103316335e-15
-8.104628079763643e-15
5.059583602355269e-14
5.062616992290714e-14
3.448033389935445e-14
3.452793606584237e-14
8.147602166487922e-15
8.104628079763643e-15
-8.11797408672428e-15
-8.104628079763643e-15
8.088346006960639e-15
8.104628079763643e-15
3.454128207280301e-14
3.452793606584237e-14
8.061653993039364e-15
8.104628079763643e-15
-8.032025913275721e-15
-7.993605777301127e-15
8.138420135974594e-15
8.104628079763643e-15
-8.108792056210949e-15
-8.104628079763643e-15
-3.454583602355269e-14
-3.452793606584237e-14
-8.082100042289676e-15
-8.104628079763643e-15
8.057471962526034e-15
8.104628079763643e-15
-8.04784388276239e-15
-7.993605777301127e-15
-3.452076189453874e-14
-3.452793606584237e-14
-8.107174171303632e-15
-8.104628079763643e-15
8.10254609153999e-15
8.104628079763643e-15
-8.072918011776347e-15
-8.104628079763643e-15
-3.4556710067987295e-14
-3.452793606584237e-14
-7.971225997855071e-15
-7.993605777301127e-15
8.127620220553946e-15
8.104628079763643e-15
-8.097992140790301e-15
-8.104628079763643e-15
-3.448163593897334e-14
-3.452793606584237e-14
-8.046300126869027e-15
-7.993605777301127e-15
8.052694349567903e-15
8.104628079763643e-15
-8.148066269804257e-15
-8.104628079763643e-15
8.118438190040615e-15
8.104628079763643e-15
-8.113810110276972e-15
-8.104628079763643e-15
8.084182030513329e-15
8.104628079763643e-15
-8.054553950749688e-15
-8.104628079763643e-15
8.049925870986045e-15
8.104628079763643e-15
-8.070297791222402e-15
-8.104628079763643e-15
7.965669711458757e-15
7.993605777301127e-15
7.727793606584236e-14
7.72715225139109e-14
8.243586448068529e-15
8.215650382226158e-15
-8.027936065842368e-15
-7.993605777301127e-15
8.15933028854124e-15
8.104628079763643e-15
-8.1297022087776e-15
-8.104628079763643e-15
8.115074129013955e-15
8.104628079763643e-15
-8.095446049250313e-15
-8.104628079763643e-15
8.06581796948667e-15
8.104628079763643e-15
-8.061189889723029e-15
-8.104628079763643e-15
-7.734343819004061e-14
-7.738254481637341e-14
-8.289106626332794e-15
-8.326672684688674e-15
7.962433941644124e-15
7.993605777301127e-15
-7.968828164342994e-15
-7.993605777301127e-15
8.175222387041866e-15
8.215650382226158e-15
-8.05957200481571e-15
-8.104628079763643e-15
8.029943925052066e-15
7.993605777301127e-15
-8.126338147750939e-15
-8.104628079763643e-15
-7.719328993201271e-14
-7.716050021144838e-14
-9.334221027943568e-14
-9.336975637097567e-14
8.097453908460012e-15
8.104628079763643e-15
-7.99282582869637e-15
-7.993605777301127e-15
8.249220051395239e-15
8.215650382226158e-15
7.721643033083092e-14
7.72715225139109e-14
8.055092183079977e-15
8.104628079763643e-15
-8.075464103316335e-15
-8.104628079763643e-15
8.070836023552692e-15
8.104628079763643e-15
-8.04120794378905e-15
-7.993605777301127e-15
-7.725239783351208e-14
-7.72715225139109e-14
-9.349412468039882e-14
-9.348077867343818e-14
-7.721165399303937e-14
-7.716050021144838e-14
-9.344884621840902e-14
-9.348077867343818e-14
7.968067544970834e-15
7.993605777301127e-15
7.72755382323303e-14
7.72715225139109e-14
9.34959842815806e-14
9.348077867343818e-14
7.725979439185757e-14
7.72715225139109e-14
9.328672812205332e-14
9.325873406851315e-14
7.707200594645983e-14
7.704947790898586e-14
8.054971962526032e-15
8.104628079763643e-15
-8.04784388276239e-15
-7.993605777301127e-15
8.129238105461263e-15
8.104628079763643e-15
7.712538997430238e-14
7.716050021144838e-14
9.3285110237146e-14
9.325873406851315e-14
7.697362383136715e-14
7.693845560652335e-14
9.321483177515619e-14
9.325873406851315e-14
7.729390229335696e-14
7.72715225139109e-14
8.127620220553946e-15
8.104628079763643e-15
-8.097992140790301e-15
-8.104628079763643e-15
8.093364061026659e-15
8.104628079763643e-15
7.708626401873698e-14
7.704947790898586e-14
9.321321389024888e-14
9.325873406851315e-14
7.729552017826427e-14
7.72715225139109e-14
9.347600233564663e-14
9.348077867343818e-14
7.725477633779155e-14
7.72715225139109e-14
8.016746176119343e-15
7.993605777301127e-15
-8.273140398818212e-15
-8.326672684688674e-15
7.92146771412954e-15
7.882583474838611e-15
7.718611576070907e-14
7.716050021144838e-14
9.337438445073931e-14
9.336975637097567e-14
-8.097203079763643e-15
-8.104628079763643e-15
8.075e-15
8.104628079763643e-15
-8.070371920236358e-15
-8.104628079763643e-15
-7.720925615952729e-14
-7.716050021144838e-14
-9.32012440519211e-14
-9.314771176605063e-14
-7.694646771412954e-14
-7.693845560652335e-14
-9.32419878923938e-14
-9.325873406851315e-14
-7.726674617611934e-14
-7.72715225139109e-14
-8.154776337791556e-15
-8.104628079763643e-15
8.150148258027911e-15
8.104628079763643e-15
-8.120520178264268e-15
-8.104628079763643e-15
-7.705910790149938e-14
-7.704947790898586e-14
-9.324037000748649e-14
-9.325873406851315e-14
-7.726836406102666e-14
-7.72715225139109e-14
-9.350315845288424e-14
-9.348077867343818e-14
-7.722762022055394e-14
-7.72715225139109e-14
-8.04390229335695e-15
-7.993605777301127e-15
8.300296516055825e-15
8.326672684688674e-15
-7.973623831367148e-15
-7.993605777301127e-15
8.055018054066021e-15
8.104628079763643e-15
-8.05038997430238e-15
-8.104628079763643e-15
-7.722923810546126e-14
-7.72715225139109e-14
-9.339228440844963e-14
-9.336975637097567e-14
-7.707747196252604e-14
-7.704947790898586e-14
-9.324700594645982e-14
-9.325873406851315e-14
7.96327187794668e-15
7.993605777301127e-15
7.703033389935445e-14
7.704947790898586e-14
9.326914400963142e-14
9.325873406851315e-14
7.723959005888173e-14
7.72715225139109e-14
9.353193245502917e-14
9.348077867343818e-14
7.719884621840901e-14
7.716050021144838e-14
8.061653993039364e-15
8.104628079763643e-15
-8.032025913275721e-15
-7.993605777301127e-15
8.138420135974594e-15
8.104628079763643e-15
7.724120794378905e-14
7.72715225139109e-14
9.353031457012184e-14
9.348077867343818e-14
7.720046410331634e-14
7.716050021144838e-14
9.321003610813204e-14
9.325873406851315e-14
7.704869796038111e-14
7.704947790898586e-14
8.000779948604758e-15
7.993605777301127e-15
-8.107174171303632e-15
-8.104628079763643e-15
8.07754609153999e-15
8.104628079763643e-15
7.720208198822365e-14
7.716050021144838e-14
9.330841822322473e-14
9.325873406851315e-14
7.705031584528843e-14
7.704947790898586e-14
9.327416206369744e-14
9.325873406851315e-14
7.72595720048157e-14
7.72715225139109e-14
8.261950509095188e-15
8.215650382226158e-15
-8.046300126869027e-15
-7.993605777301127e-15
8.052694349567903e-15
8.104628079763643e-15
-9.344806626980425e-14
-9.348077867343818e-14
-7.725771240363392e-14
-7.72715225139109e-14
-8.088810110276974e-15
-8.104628079763643e-15
8.07918203051333e-15
8.104628079763643e-15
-8.054553950749688e-15
-8.104628079763643e-15
-7.732507412901396e-14
-7.72715225139109e-14
-9.344644838489694e-14
-9.348077867343818e-14
-7.728433028854124e-14
-7.72715225139109e-14
-9.323719222536965e-14
-9.325873406851315e-14
-7.70215418431435e-14
-7.704947790898586e-14
-8.027936065842368e-15
-7.993605777301127e-15
8.15933028854124e-15
8.104628079763643e-15
-8.1297022087776e-15
-8.104628079763643e-15
-7.717492587098605e-14
-7.716050021144838e-14
-9.336057434046234e-14
-9.336975637097567e-14
-7.713418203051333e-14
-7.716050021144838e-14
-9.332631818093505e-14
-9.336975637097567e-14
-7.734343819004061e-14
-7.738254481637341e-14
-9.35391066263328e-14
-9.35918009759007e-14
-7.73026943495679e-14
-7.72715225139109e-14
-7.968828164342994e-15
-7.993605777301127e-15
8.175222387041866e-15
8.215650382226158e-15
-8.05957200481571e-15
-8.104628079763643e-15
-7.734505607494793e-14
-7.738254481637341e-14
-9.349748874142548e-14
-9.348077867343818e-14
-7.719328993201271e-14
-7.716050021144838e-14
-9.334221027943568e-14
-9.336975637097567e-14
8.097453908460012e-15
8.104628079763643e-15
7.725717417130364e-14
7.72715225139109e-14
9.351434834260726e-14
9.348077867343818e-14
7.721643033083092e-14
7.72715225139109e-14
9.330509218307998e-14
9.325873406851315e-14
7.707864188543318e-14
7.704947790898586e-14
8.070836023552692e-15
8.104628079763643e-15
-8.04120794378905e-15
-7.993605777301127e-15
8.122602166487923e-15
8.104628079763643e-15
7.710702591327572e-14
7.716050021144838e-14
9.335347429817265e-14
9.336975637097567e-14
7.706628207280301e-14
7.704947790898586e-14
9.323319583618285e-14
9.325873406851315e-14
7.72755382323303e-14
7.72715225139109e-14
8.245984281580606e-15
8.215650382226158e-15
-8.005333899354446e-15
-7.993605777301127e-15
8.086728122053319e-15
8.104628079763643e-15
7.731789995771032e-14
7.72715225139109e-14
9.342862255620058e-14
9.348077867343818e-14
7.727715611723761e-14
7.72715225139109e-14
9.339436639667328e-14
9.336975637097567e-14
7.712538997430238e-14
7.716050021144838e-14
9.3285110237146e-14
9.325873406851315e-14
7.697362383136715e-14
7.693845560652335e-14
9.321483177515619e-14
9.325873406851315e-14
7.729390229335696e-14
7.72715225139109e-14
-7.702237977944605e-14
-7.704947790898586e-14
-9.32520981295398e-14
-9.325873406851315e-14
-7.723163593897334e-14
-7.72715225139109e-14
-9.343988657493755e-14
-9.348077867343818e-14
-7.719089209850063e-14
-7.716050021144838e-14
-9.329460811294776e-14
-9.325873406851315e-14
-7.70391259555654e-14
-7.704947790898586e-14
-9.326035195342046e-14
-9.325873406851315e-14
-7.724838211509269e-14
-7.72715225139109e-14
-9.352314039881822e-14
-9.348077867343818e-14
-7.723263827461997e-14
-7.72715225139109e-14
-9.331388423929092e-14
-9.325873406851315e-14
-7.704484982922222e-14
-7.704947790898586e-14
7.714537192023636e-14
7.716050021144838e-14
9.334012829121202e-14
9.336975637097567e-14
7.710462807976364e-14
7.704947790898586e-14
9.319484982922222e-14
9.314771176605063e-14
7.720286193682841e-14
7.716050021144838e-14
-7.704236172538003e-14
-7.704947790898586e-14
-9.325711618360584e-14
-9.325873406851315e-14
-7.725161788490731e-14
-7.72715225139109e-14
-9.341990462900358e-14
-9.336975637097567e-14
-7.709985174197209e-14
-7.704947790898586e-14
-9.327462616701377e-14
-9.325873406851315e-14
9.344089209850063e-14
9.348077867343818e-14
7.728988657493755e-14
7.72715225139109e-14
9.323163593897334e-14
9.325873406851315e-14
7.70270981295398e-14
7.704947790898586e-14
-7.722762022055394e-14
-7.72715225139109e-14
-9.329390229335695e-14
-9.325873406851315e-14
-7.69648317751562e-14
-7.693845560652335e-14
7.727637616863285e-14
7.72715225139109e-14
9.332014634527804e-14
9.336975637097567e-14
7.712461002569762e-14
7.716050021144838e-14
9.328839018575075e-14
9.325873406851315e-14
7.722284388276239e-14
7.72715225139109e-14
9.347367863114851e-14
9.348077867343818e-14
7.718210004228968e-14
7.716050021144838e-14
9.32284001691587e-14
9.325873406851315e-14
7.703033389935445e-14
7.704947790898586e-14
9.326914400963142e-14
9.325873406851315e-14
7.723959005888173e-14
7.72715225139109e-14
9.353193245502917e-14
9.348077867343818e-14
7.719884621840901e-14
7.716050021144838e-14
-7.728834600696064e-14
-7.72715225139109e-14
-9.340817650695026e-14
-9.336975637097567e-14
-7.71365798640254e-14
-7.716050021144838e-14
7.722607965257704e-14
7.72715225139109e-14
9.354544286133386e-14
9.35918009759007e-14
-9.320364188543317e-14
-9.325873406851315e-14
-7.730509218307998e-14
-7.72715225139109e-14
-9.346643033083092e-14
-9.348077867343818e-14
-7.726434834260727e-14
-7.72715225139109e-14
-9.325717417130363e-14
-9.325873406851315e-14
-7.707655989720952e-14
-7.704947790898586e-14
-9.329791801177634e-14
-9.325873406851315e-14
-7.71108160567368e-14
-7.716050021144838e-14
7.705031584528843e-14
7.704947790898586e-14
9.327416206369744e-14
9.325873406851315e-14
7.72595720048157e-14
7.72715225139109e-14
-7.698804949090481e-14
-7.693845560652335e-14
-9.320040611561853e-14
-9.314771176605063e-14
-7.719730565043209e-14
-7.716050021144838e-14
-9.338819456101628e-14
-9.336975637097567e-14
-7.715656180995939e-14
-7.716050021144838e-14
-9.335393840148899e-14
-9.336975637097567e-14
9.338418203051334e-14
9.336975637097567e-14
2.4773557434046233e-13
2.476907567938724e-13
9.320518245341008e-14
9.325873406851315e-14
-9.344644838489694e-14
-9.348077867343818e-14
9.321566971145875e-14
9.325873406851315e-14
2.477930643570544e-13
2.4780177909633494e-13
9.350871473928054e-14
9.348077867343818e-14
-9.327793606584237e-14
-9.325873406851315e-14
-7.713079800267078e-14
-7.716050021144838e-14
-9.34297022087776e-14
-9.348077867343818e-14
-7.726857646466058e-14
-7.72715225139109e-14
7.727955395074969e-14
7.72715225139109e-14
9.344196856316121e-14
9.348077867343818e-14
-9.326118988972302e-14
-9.325873406851315e-14
-2.4774754417879013e-13
-2.4780177909633494e-13
-9.355423491754482e-14
-9.35918009759007e-14
9.321243394164413e-14
9.325873406851315e-14
-9.345369987313098e-14
-9.348077867343818e-14
-2.477770788003072e-13
-2.4780177909633494e-13
-9.329970029602774e-14
-9.325873406851315e-14
9.351596622751459e-14
9.348077867343818e-14
7.72573124459236e-14
7.72715225139109e-14
-7.719328993201271e-14
-7.716050021144838e-14
-9.334221027943568e-14
-9.336975637097567e-14
-7.715254609153999e-14
-7.716050021144838e-14
-9.32579541199084e-14
-9.325873406851315e-14
-7.725077994860475e-14
-7.72715225139109e-14
7.697925743469386e-14
7.693845560652335e-14
9.320919817182949e-14
9.325873406851315e-14
-9.345046410331633e-14
-9.348077867343818e-14
-2.4778031457012183e-13
-2.4780177909633494e-13
-9.327146452621309e-14
-9.325873406851315e-14
9.338773045769995e-14
9.336975637097567e-14
-9.339297408672428e-14
-9.336975637097567e-14
-2.477267822842514e-13
-2.476907567938724e-13
-9.321397450962104e-14
-9.325873406851315e-14
9.345524044110788e-14
9.348077867343818e-14
7.72755382323303e-14
7.72715225139109e-14
9.34959842815806e-14
9.348077867343818e-14
7.725979439185757e-14
7.72715225139109e-14
-7.721327187794668e-14
-7.716050021144838e-14
-9.332222833350169e-14
-9.336975637097567e-14
9.332747196252603e-14
9.336975637097567e-14
2.477922844084496e-13
2.4780177909633494e-13
9.350949468788531e-14
9.348077867343818e-14
-9.325371601444713e-14
-9.325873406851315e-14
9.326998194593398e-14
9.325873406851315e-14
2.477387521225792e-13
2.476907567938724e-13
9.345200467129325e-14
9.348077867343818e-14
-9.322122599785507e-14
-9.325873406851315e-14
-7.713750807065808e-14
-7.716050021144838e-14
7.71270078592097e-14
7.716050021144838e-14
9.333349235223868e-14
9.336975637097567e-14
7.708626401873698e-14
7.704947790898586e-14
9.318821389024889e-14
9.314771176605063e-14
7.718449787580176e-14
7.716050021144838e-14
-7.727399766435337e-14
-7.72715225139109e-14
-9.349752484955753e-14
-9.348077867343818e-14
9.326674617611934e-14
9.325873406851315e-14
2.477419878923938e-13
2.476907567938724e-13
9.344876890147862e-14
9.348077867343818e-14
-9.329299022804043e-14
-9.325873406851315e-14
9.345925615952728e-14
9.348077867343818e-14
7.72863725139109e-14
7.72715225139109e-14
-7.725e-14
-7.72715225139109e-14
-9.34215225139109e-14
-9.336975637097567e-14
-7.709823385706477e-14
-7.704947790898586e-14
-9.32012440519211e-14
-9.314771176605063e-14
-7.694646771412954e-14
-7.693845560652335e-14
7.72580121076062e-14
7.72715225139109e-14
9.32635104063047e-14
9.325873406851315e-14
-9.350477633779156e-14
-9.348077867343818e-14
-2.4772600233564665e-13
-2.476907567938724e-13
-9.32147544582258e-14
-9.325873406851315e-14
9.335602038971265e-14
9.336975637097567e-14
-9.333626401873699e-14
-9.336975637097567e-14
-2.4778349235223867e-13
-2.4780177909633494e-13
-9.351828674409626e-14
-9.348077867343818e-14
9.328750807065808e-14
9.325873406851315e-14
7.722122599785507e-14
7.72715225139109e-14
-7.694970348394418e-14
-7.693845560652335e-14
-9.323875212257918e-14
-9.325873406851315e-14
-7.726998194593398e-14
-7.72715225139109e-14
-9.342654056797691e-14
-9.348077867343818e-14
-7.722923810546126e-14
-7.72715225139109e-14
7.720771559155038e-14
7.716050021144838e-14
9.3452784619898e-14
9.348077867343818e-14
-9.322200594645983e-14
-9.325873406851315e-14
9.321327187794669e-14
9.325873406851315e-14
2.475454621905665e-13
2.475797344914099e-13
9.328427230084345e-14
9.325873406851315e-14
-9.327553823233029e-14
-9.325873406851315e-14
-7.705819583618286e-14
-7.704947790898586e-14
7.718371792719699e-14
7.716050021144838e-14
9.332678228425139e-14
9.336975637097567e-14
7.714297408672428e-14
7.716050021144838e-14
9.32675261247241e-14
9.325873406851315e-14
7.724120794378905e-14
7.72715225139109e-14
9.353031457012184e-14
9.348077867343818e-14
7.720046410331634e-14
7.716050021144838e-14
9.321003610813204e-14
9.325873406851315e-14
7.704869796038111e-14
7.704947790898586e-14
-7.724922005139524e-14
-7.72715225139109e-14
-9.337230246251565e-14
-9.336975637097567e-14
9.340254609154e-14
9.336975637097567e-14
2.4771721027943565e-13
2.476907567938724e-13
9.322354651443674e-14
9.325873406851315e-14
-9.33898124459236e-14
-9.336975637097567e-14
9.334505607494793e-14
9.336975637097567e-14
2.477747002960277e-13
2.4780177909633494e-13
9.35270788003072e-14
9.348077867343818e-14
-9.329630012686903e-14
-9.325873406851315e-14
-7.721243394164412e-14
-7.716050021144838e-14
-9.344806626980425e-14
-9.348077867343818e-14
-7.725771240363392e-14
-7.72715225139109e-14
7.726118988972303e-14
7.72715225139109e-14
9.344783262418786e-14
9.348077867343818e-14
-9.327955395074968e-14
-9.325873406851315e-14
-2.4772918011776344e-13
-2.476907567938724e-13
-9.346157667610896e-14
-9.348077867343818e-14
9.323079800267079e-14
9.325873406851315e-14
-9.347206393415764e-14
-9.348077867343818e-14
-2.477587147392805e-13
-2.4780177909633494e-13
-9.329306435705439e-14
-9.325873406851315e-14
9.328433028854125e-14
9.325873406851315e-14
7.702440377997191e-14
7.704947790898586e-14
-7.717492587098605e-14
-7.716050021144838e-14
-9.336057434046234e-14
-9.336975637097567e-14
-7.713418203051333e-14
-7.716050021144838e-14
-9.330131818093505e-14
-9.325873406851315e-14
-7.723241588757809e-14
-7.72715225139109e-14
7.69608933736672e-14
7.693845560652335e-14
9.322756223285615e-14
9.325873406851315e-14
-9.346882816434299e-14
-9.348077867343818e-14
-2.477619505090952e-13
-2.4780177909633494e-13
-9.328982858723975e-14
-9.325873406851315e-14
9.340609451872661e-14
9.336975637097567e-14
-9.341133814775094e-14
-9.336975637097567e-14
-7.715841822322473e-14
-7.716050021144838e-14
7.729791801177635e-14
7.72715225139109e-14
9.347360450213455e-14
9.348077867343818e-14
7.725717417130364e-14
7.72715225139109e-14
9.351434834260726e-14
9.348077867343818e-14
7.721643033083092e-14
7.72715225139109e-14
-7.719490781692002e-14
-7.716050021144838e-14
-9.334059239452835e-14
-9.336975637097567e-14
9.334583602355269e-14
9.336975637097567e-14
2.47773920347423e-13
2.4780177909633494e-13
9.327785874891197e-14
7.0
7.0
7.0
7.0
7.0
7.0
7.0
7.0
7.0
7.0
7.0
7.0
7.0
7.0
7.0
7.0
7.0
7.0
7.0
7.0
7.0
7.0
7.0
7.0
7.0
7.0
7.0
7.0
7.0
7.0
7.0
7.0
7.0
7.0
7.0
7.0
7.0
7.0
7.0
7.0
7.0
7.0
7.0
7.0
7.0
7.0
7.0
7.0
7.0
7.0
7.0
7.0
7.0
7.0
7.0
7.0
7.0
7.0
7.0
7.0
7.0
7.0
7.0
7.0
7.0
7.0
7.0
7.0
7.0
7.0
7.0
7.0
7.0
7.0
7.0
7.0
7.0
7.0
7.0
7.0
7.0
7.0
7.0
7.0
7.0
7.0
7.0
7.0
7.0
7.0
7.0
7.0
7.0
7.0
7.0
7.0
7.0
5.250000000000001
3.500000000000001
1.750000000000008
8.104628079763643e-15
1.3202471962526033e-14
1.3211653993039363e-14
8.08668203051333e-15
8.104628079763643e-15
1.3245446049250314e-14
1.3211653993039363e-14
8.04120794378905e-15
7.993605777301127e-15
1.3177397833512078e-14
1.3211653993039363e-14
8.134256159527286e-15
8.104628079763643e-15
-8.102770579763643e-15
-8.104628079763643e-15
8.075e-15
8.104628079763643e-15
1.3254628079763642e-14
1.3211653993039363e-14
8.05702591327572e-15
8.104628079763643e-15
1.3297602166487922e-14
1.3322676295501878e-14
8.117574129013956e-15
8.104628079763643e-15
-8.095446049250313e-15
-8.104628079763643e-15
-1.323418203051333e-14
-1.3211653993039363e-14
-8.059971962526033e-15
-8.104628079763643e-15
-1.327715611723761e-14
-1.3322676295501878e-14
-8.14552017826427e-15
-8.104628079763643e-15
-1.3209107901499373e-14
-1.3211653993039363e-14
-8.10254609153999e-15
-8.104628079763643e-15
8.075418011776346e-15
8.104628079763643e-15
-8.068289932012704e-15
-8.104628079763643e-15
-1.328633814775094e-14
-1.3322676295501878e-14
-8.128838147750939e-15
-8.104628079763643e-15
8.106710067987296e-15
8.104628079763643e-15
1.3222918011776347e-14
1.3211653993039363e-14
8.063735981263016e-15
8.104628079763643e-15
1.3265892098500626e-14
1.3211653993039363e-14
8.033261894538736e-15
7.993605777301127e-15
1.319784388276239e-14
1.3211653993039363e-14
8.113810110276972e-15
8.104628079763643e-15
1.3240817969486671e-14
1.3211653993039363e-14
8.070836023552692e-15
8.104628079763643e-15
-8.04120794378905e-15
-7.993605777301127e-15
8.147602166487922e-15
8.104628079763643e-15
-8.11797408672428e-15
-8.104628079763643e-15
-3.453665399303936e-14
-3.452793606584237e-14
-8.091282072803005e-15
-8.104628079763643e-15
8.061653993039364e-15
8.104628079763643e-15
-8.032025913275721e-15
-7.993605777301127e-15
8.138420135974594e-15
8.104628079763643e-15
3.451620794378905e-14
3.452793606584237e-14
8.086728122053319e-15
8.104628079763643e-15
-8.082100042289676e-15
-8.104628079763643e-15
8.059971962526033e-15
8.104628079763643e-15
-8.04784388276239e-15
-7.993605777301127e-15
8.129238105461263e-15
8.104628079763643e-15
3.452538997430238e-14
3.452793606584237e-14
8.10254609153999e-15
8.104628079763643e-15
-8.075418011776346e-15
-8.104628079763643e-15
8.043289932012703e-15
7.993605777301127e-15
-8.149684154711576e-15
-8.104628079763643e-15
-3.4504943925052065e-14
-3.452793606584237e-14
-8.097992140790301e-15
-8.104628079763643e-15
8.093364061026659e-15
8.104628079763643e-15
-8.063735981263016e-15
-8.104628079763643e-15
-3.4690892098500623e-14
-3.4638958368304884e-14
-8.148066269804257e-15
-8.104628079763643e-15
8.118438190040615e-15
8.104628079763643e-15
-8.113810110276972e-15
-8.104628079763643e-15
-3.461581796948667e-14
-3.4638958368304884e-14
-8.273140398818212e-15
-8.326672684688674e-15
7.946467714129539e-15
7.993605777301127e-15
-8.027861936828411e-15
-7.993605777301127e-15
-3.454074384047271e-14
-3.452793606584237e-14
-5.0733467225369656e-14
-5.0737192225369654e-14
8.075e-15
8.104628079763643e-15
-8.070371920236358e-15
-8.104628079763643e-15
8.040743840472715e-15
7.993605777301127e-15
3.450286193682841e-14
3.452793606584237e-14
8.115074129013955e-15
8.104628079763643e-15
-8.095446049250313e-15
-8.104628079763643e-15
8.06581796948667e-15
8.104628079763643e-15
3.4563810110276976e-14
3.452793606584237e-14
8.039125955565396e-15
7.993605777301127e-15
-8.120520178264268e-15
-8.104628079763643e-15
8.115892098500627e-15
8.104628079763643e-15
-8.086264018736984e-15
-8.104628079763643e-15
-3.456836406102666e-14
-3.452793606584237e-14
-8.05957200481571e-15
-8.104628079763643e-15
8.029943925052066e-15
7.993605777301127e-15
-8.126338147750939e-15
-8.104628079763643e-15
-3.44432899320127e-14
-3.441691376337985e-14
-7.973623831367148e-15
-7.993605777301127e-15
8.080018054066023e-15
8.104628079763643e-15
-8.05038997430238e-15
-8.104628079763643e-15
-3.447923810546126e-14
-3.452793606584237e-14
-8.048697960381104e-15
-7.993605777301127e-15
8.055092183079977e-15
8.104628079763643e-15
-8.075464103316335e-15
-8.104628079763643e-15
5.059583602355269e-14
5.062616992290714e-14
3.448033389935445e-14
3.452793606584237e-14
8.147602166487922e-15
8.104628079763643e-15
-8.11797408672428e-15
-8.104628079763643e-15
8.088346006960639e-15
8.104628079763643e-15
3.454128207280301e-14
3.452793606584237e-14
8.061653993039364e-15
8.104628079763643e-15
-8.032025913275721e-15
-7.993605777301127e-15
8.138420135974594e-15
8.104628079763643e-15
-8.108792056210949e-15
-8.104628079763643e-15
-3.454583602355269e-14
-3.452793606584237e-14
-8.082100042289676e-15
-8.104628079763643e-15
8.057471962526034e-15
8.104628079763643e-15
-8.04784388276239e-15
-7.993605777301127e-15
-3.452076189453874e-14
-3.452793606584237e-14
-8.107174171303632e-15
-8.104628079763643e-15
8.10254609153999e-15
8.104628079763643e-15
-8.072918011776347e-15
-8.104628079763643e-15
-3.4556710067987295e-14
-3.452793606584237e-14
-7.971225997855071e-15
-7.993605777301127e-15
8.127620220553946e-15
8.104628079763643e-15
-8.097992140790301e-15
-8.104628079763643e-15
-3.448163593897334e-14
-3.452793606584237e-14
-8.046300126869027e-15
-7.993605777301127e-15
8.052694349567903e-15
8.104628079763643e-15
-8.148066269804257e-15
-8.104628079763643e-15
8.118438190040615e-15
8.104628079763643e-15
-8.113810110276972e-15
-8.104628079763643e-15
8.084182030513329e-15
8.104628079763643e-15
-8.054553950749688e-15
-8.104628079763643e-15
8.049925870986045e-15
8.104628079763643e-15
-8.070297791222402e-15
-8.104628079763643e-15
7.965669711458757e-15
7.993605777301127e-15
7.727793606584236e-14
7.72715225139109e-14
8.243586448068529e-15
8.215650382226158e-15
-8.027936065842368e-15
-7.993605777301127e-15
8.15933028854124e-15
8.104628079763643e-15
-8.1297022087776e-15
-8.104628079763643e-15
8.115074129013955e-15
8.104628079763643e-15
-8.095446049250313e-15
-8.104628079763643e-15
8.06581796948667e-15
8.104628079763643e-15
-8.061189889723029e-15
-8.104628079763643e-15
-7.734343819004061e-14
-7.738254481637341e-14
-8.289106626332794e-15
-8.326672684688674e-15
7.962433941644124e-15
7.993605777301127e-15
-7.968828164342994e-15
-7.993605777301127e-15
8.175222387041866e-15
8.215650382226158e-15
-8.05957200481571e-15
-8.104628079763643e-15
8.029943925052066e-15
7.993605777301127e-15
-8.126338147750939e-15
-8.104628079763643e-15
-7.719328993201271e-14
-7.716050021144838e-14
-9.334221027943568e-14
-9.336975637097567e-14
8.097453908460012e-15
8.104628079763643e-15
-7.99282582869637e-15
-7.993605777301127e-15
8.249220051395239e-15
8.215650382226158e-15
7.721643033083092e-14
7.72715225139109e-14
8.055092183079977e-15
8.104628079763643e-15
-8.075464103316335e-15
-8.104628079763643e-15
8.070836023552692e-15
8.104628079763643e-15
-8.04120794378905e-15
-7.993605777301127e-15
-7.725239783351208e-14
-7.72715225139109e-14
-9.349412468039882e-14
-9.348077867343818e-14
-7.721165399303937e-14
-7.716050021144838e-14
-9.344884621840902e-14
-9.348077867343818e-14
7.968067544970834e-15
7.993605777301127e-15
7.72755382323303e-14
7.72715225139109e-14
9.34959842815806e-14
9.348077867343818e-14
7.725979439185757e-14
7.72715225139109e-14
9.328672812205332e-14
9.325873406851315e-14
7.707200594645983e-14
7.704947790898586e-14
8.054971962526032e-15
8.104628079763643e-15
-8.04784388276239e-15
-7.993605777301127e-15
8.129238105461263e-15
8.104628079763643e-15
7.712538997430238e-14
7.716050021144838e-14
9.3285110237146e-14
9.325873406851315e-14
7.697362383136715e-14
7.693845560652335e-14
9.321483177515619e-14
9.325873406851315e-14
7.729390229335696e-14
7.72715225139109e-14
8.127620220553946e-15
8.104628079763643e-15
-8.097992140790301e-15
-8.104628079763643e-15
8.093364061026659e-15
8.104628079763643e-15
7.708626401873698e-14
7.704947790898586e-14
9.321321389024888e-14
9.325873406851315e-14
7.729552017826427e-14
7.72715225139109e-14
9.347600233564663e-14
9.348077867343818e-14
7.725477633779155e-14
7.72715225139109e-14
8.016746176119343e-15
7.993605777301127e-15
-8.273140398818212e-15
-8.326672684688674e-15
7.92146771412954e-15
7.882583474838611e-15
7.718611576070907e-14
7.716050021144838e-14
9.337438445073931e-14
9.336975637097567e-14
-8.097203079763643e-15
-8.104628079763643e-15
8.075e-15
8.104628079763643e-15
-8.070371920236358e-15
-8.104628079763643e-15
-7.720925615952729e-14
-7.716050021144838e-14
-9.32012440519211e-14
-9.314771176605063e-14
-7.694646771412954e-14
-7.693845560652335e-14
-9.32419878923938e-14
-9.325873406851315e-14
-7.726674617611934e-14
-7.72715225139109e-14
-8.154776337791556e-15
-8.104628079763643e-15
8.150148258027911e-15
8.104628079763643e-15
-8.120520178264268e-15
-8.104628079763643e-15
-7.705910790149938e-14
-7.704947790898586e-14
-9.324037000748649e-14
-9.325873406851315e-14
-7.726836406102666e-14
-7.72715225139109e-14
-9.350315845288424e-14
-9.348077867343818e-14
-7.722762022055394e-14
-7.72715225139109e-14
-8.04390229335695e-15
-7.993605777301127e-15
8.300296516055825e-15
8.326672684688674e-15
-7.973623831367148e-15
-7.993605777301127e-15
8.055018054066021e-15
8.104628079763643e-15
-8.05038997430238e-15
-8.104628079763643e-15
-7.722923810546126e-14
-7.72715225139109e-14
-9.339228440844963e-14
-9.336975637097567e-14
-7.707747196252604e-14
-7.704947790898586e-14
-9.324700594645982e-14
-9.325873406851315e-14
7.96327187794668e-15
7.993605777301127e-15
7.703033389935445e-14
7.704947790898586e-14
9.326914400963142e-14
9.325873406851315e-14
7.723959005888173e-14
7.72715225139109e-14
9.353193245502917e-14
9.348077867343818e-14
7.719884621840901e-14
7.716050021144838e-14
8.061653993039364e-15
8.104628079763643e-15
-8.032025913275721e-15
-7.993605777301127e-15
8.138420135974594e-15
8.104628079763643e-15
7.724120794378905e-14
7.72715225139109e-14
9.353031457012184e-14
9.348077867343818e-14
7.720046410331634e-14
7.716050021144838e-14
9.321003610813204e-14
9.325873406851315e-14
7.704869796038111e-14
7.704947790898586e-14
8.000779948604758e-15
7.993605777301127e-15
-8.107174171303632e-15
-8.104628079763643e-15
8.07754609153999e-15
8.104628079763643e-15
7.720208198822365e-14
7.716050021144838e-14
9.330841822322473e-14
9.325873406851315e-14
7.705031584528843e-14
7.704947790898586e-14
9.327416206369744e-14
9.325873406851315e-14
7.72595720048157e-14
7.72715225139109e-14
8.261950509095188e-15
8.215650382226158e-15
-8.046300126869027e-15
-7.993605777301127e-15
8.052694349567903e-15
8.104628079763643e-15
-9.344806626980425e-14
-9.348077867343818e-14
-7.725771240363392e-14
-7.72715225139109e-14
-8.088810110276974e-15
-8.104628079763643e-15
8.07918203051333e-15
8.104628079763643e-15
-8.054553950749688e-15
-8.104628079763643e-15
-7.732507412901396e-14
-7.72715225139109e-14
-9.344644838489694e-14
-9.348077867343818e-14
-7.728433028854124e-14
-7.72715225139109e-14
-9.323719222536965e-14
-9.325873406851315e-14
-7.70215418431435e-14
-7.704947790898586e-14
-8.027936065842368e-15
-7.993605777301127e-15
8.15933028854124e-15
8.104628079763643e-15
-8.1297022087776e-15
-8.104628079763643e-15
-7.717492587098605e-14
-7.716050021144838e-14
-9.336057434046234e-14
-9.336975637097567e-14
-7.713418203051333e-14
-7.716050021144838e-14
-9.332631818093505e-14
-9.336975637097567e-14
-7.734343819004061e-14
-7.738254481637341e-14
-9.35391066263328e-14
-9.35918009759007e-14
-7.73026943495679e-14
-7.72715225139109e-14
-7.968828164342994e-15
-7.993605777301127e-15
8.175222387041866e-15
8.215650382226158e-15
-8.05957200481571e-15
-8.104628079763643e-15
-7.734505607494793e-14
-7.738254481637341e-14
-9.349748874142548e-14
-9.348077867343818e-14
-7.719328993201271e-14
-7.716050021144838e-14
-9.334221027943568e-14
-9.336975637097567e-14
8.097453908460012e-15
8.104628079763643e-15
7.725717417130364e-14
7.72715225139109e-14
9.351434834260726e-14
9.348077867343818e-14
7.721643033083092e-14
7.72715225139109e-14
9.330509218307998e-14
9.325873406851315e-14
7.707864188543318e-14
7.704947790898586e-14
8.070836023552692e-15
8.104628079763643e-15
-8.04120794378905e-15
-7.993605777301127e-15
8.122602166487923e-15
8.104628079763643e-15
7.710702591327572e-14
7.716050021144838e-14
9.335347429817265e-14
9.336975637097567e-14
7.706628207280301e-14
7.704947790898586e-14
9.323319583618285e-14
9.325873406851315e-14
7.72755382323303e-14
7.72715225139109e-14
8.245984281580606e-15
8.215650382226158e-15
-8.005333899354446e-15
-7.993605777301127e-15
8.086728122053319e-15
8.104628079763643e-15
7.731789995771032e-14
7.72715225139109e-14
9.342862255620058e-14
9.348077867343818e-14
7.727715611723761e-14
7.72715225139109e-14
9.339436639667328e-14
9.336975637097567e-14
7.712538997430238e-14
7.716050021144838e-14
9.3285110237146e-14
9.325873406851315e-14
7.697362383136715e-14
7.693845560652335e-14
9.321483177515619e-14
9.325873406851315e-14
7.729390229335696e-14
7.72715225139109e-14
-7.702237977944605e-14
-7.704947790898586e-14
-9.32520981295398e-14
-9.325873406851315e-14
-7.723163593897334e-14
-7.72715225139109e-14
-9.343988657493755e-14
-9.348077867343818e-14
-7.719089209850063e-14
-7.716050021144838e-14
-9.329460811294776e-14
-9.325873406851315e-14
-7.70391259555654e-14
-7.704947790898586e-14
-9.326035195342046e-14
-9.325873406851315e-14
-7.724838211509269e-14
-7.72715225139109e-14
-9.352314039881822e-14
-9.348077867343818e-14
-7.723263827461997e-14
-7.72715225139109e-14
-9.331388423929092e-14
-9.325873406851315e-14
-7.704484982922222e-14
-7.704947790898586e-14
7.714537192023636e-14
7.716050021144838e-14
9.334012829121202e-14
9.336975637097567e-14
7.710462807976364e-14
7.704947790898586e-14
9.319484982922222e-14
9.314771176605063e-14
7.720286193682841e-14
7.716050021144838e-14
-7.704236172538003e-14
-7.704947790898586e-14
-9.325711618360584e-14
-9.325873406851315e-14
-7.725161788490731e-14
-7.72715225139109e-14
-9.341990462900358e-14
-9.336975637097567e-14
-7.709985174197209e-14
-7.704947790898586e-14
-9.327462616701377e-14
-9.325873406851315e-14
9.344089209850063e-14
9.348077867343818e-14
7.728988657493755e-14
7.72715225139109e-14
9.323163593897334e-14
9.325873406851315e-14
7.70270981295398e-14
7.704947790898586e-14
-7.722762022055394e-14
-7.72715225139109e-14
-9.329390229335695e-14
-9.325873406851315e-14
-7.69648317751562e-14
-7.693845560652335e-14
7.727637616863285e-14
7.72715225139109e-14
9.332014634527804e-14
9.336975637097567e-14
7.712461002569762e-14
7.716050021144838e-14
9.328839018575075e-14
9.325873406851315e-14
7.722284388276239e-14
7.72715225139109e-14
9.347367863114851e-14
9.348077867343818e-14
7.718210004228968e-14
7.716050021144838e-14
9.32284001691587e-14
9.325873406851315e-14
7.703033389935445e-14
7.704947790898586e-14
9.326914400963142e-14
9.325873406851315e-14
7.723959005888173e-14
7.72715225139109e-14
9.353193245502917e-14
9.348077867343818e-14
7.719884621840901e-14
7.716050021144838e-14
-7.728834600696064e-14
-7.72715225139109e-14
-9.340817650695026e-14
-9.336975637097567e-14
-7.71365798640254e-14
-7.716050021144838e-14
7.722607965257704e-14
7.72715225139109e-14
9.354544286133386e-14
9.35918009759007e-14
-9.320364188543317e-14
-9.325873406851315e-14
-7.730509218307998e-14
-7.72715225139109e-14
-9.346643033083092e-14
-9.348077867343818e-14
-7.726434834260727e-14
-7.72715225139109e-14
-9.325717417130363e-14
-9.325873406851315e-14
-7.707655989720952e-14
-7.704947790898586e-14
-9.329791801177634e-14
-9.325873406851315e-14
-7.71108160567368e-14
-7.716050021144838e-14
7.705031584528843e-14
7.704947790898586e-14
9.327416206369744e-14
9.325873406851315e-14
7.72595720048157e-14
7.72715225139109e-14
-7.698804949090481e-14
-7.693845560652335e-14
-9.320040611561853e-14
-9.314771176605063e-14
-7.719730565043209e-14
-7.716050021144838e-14
-9.338819456101628e-14
-9.336975637097567e-14
-7.715656180995939e-14
-7.716050021144838e-14
-9.335393840148899e-14
-9.336975637097567e-14
9.338418203051334e-14
9.336975637097567e-14
2.4773557434046233e-13
2.476907567938724e-13
9.320518245341008e-14
9.325873406851315e-14
-9.344644838489694e-14
-9.348077867343818e-14
9.321566971145875e-14
9.325873406851315e-14
2.477930643570544e-13
2.4780177909633494e-13
9.350871473928054e-14
9.348077867343818e-14
-9.327793606584237e-14
-9.325873406851315e-14
-7.713079800267078e-14
-7.716050021144838e-14
-9.34297022087776e-14
-9.348077867343818e-14
-7.726857646466058e-14
-7.72715225139109e-14
7.727955395074969e-14
7.72715225139109e-14
9.344196856316121e-14
9.348077867343818e-14
-9.326118988972302e-14
-9.325873406851315e-14
-2.4774754417879013e-13
-2.4780177909633494e-13
-9.355423491754482e-14
-9.35918009759007e-14
9.321243394164413e-14
9.325873406851315e-14
-9.345369987313098e-14
-9.348077867343818e-14
-2.477770788003072e-13
-2.4780177909633494e-13
-9.329970029602774e-14
-9.325873406851315e-14
9.351596622751459e-14
9.348077867343818e-14
7.72573124459236e-14
7.72715225139109e-14
-7.719328993201271e-14
-7.716050021144838e-14
-9.334221027943568e-14
-9.336975637097567e-14
-7.715254609153999e-14
-7.716050021144838e-14
-9.32579541199084e-14
-9.325873406851315e-14
-7.725077994860475e-14
-7.72715225139109e-14
7.697925743469386e-14
7.693845560652335e-14
9.320919817182949e-14
9.325873406851315e-14
-9.345046410331633e-14
-9.348077867343818e-14
-2.4778031457012183e-13
-2.4780177909633494e-13
-9.327146452621309e-14
-9.325873406851315e-14
9.338773045769995e-14
9.336975637097567e-14
-9.339297408672428e-14
-9.336975637097567e-14
-2.477267822842514e-13
-2.476907567938724e-13
-9.321397450962104e-14
-9.325873406851315e-14
9.345524044110788e-14
9.348077867343818e-14
7.72755382323303e-14
7.72715225139109e-14
9.34959842815806e-14
9.348077867343818e-14
7.725979439185757e-14
7.72715225139109e-14
-7.721327187794668e-14
-7.716050021144838e-14
-9.332222833350169e-14
-9.336975637097567e-14
9.332747196252603e-14
9.336975637097567e-14
2.477922844084496e-13
2.4780177909633494e-13
9.350949468788531e-14
9.348077867343818e-14
-9.325371601444713e-14
-9.325873406851315e-14
9.326998194593398e-14
9.325873406851315e-14
2.477387521225792e-13
2.476907567938724e-13
9.345200467129325e-14
9.348077867343818e-14
-9.322122599785507e-14
-9.325873406851315e-14
-7.713750807065808e-14
-7.716050021144838e-14
7.71270078592097e-14
7.716050021144838e-14
9.333349235223868e-14
9.336975637097567e-14
7.708626401873698e-14
7.704947790898586e-14
9.318821389024889e-14
9.314771176605063e-14
7.718449787580176e-14
7.716050021144838e-14
-7.727399766435337e-14
-7.72715225139109e-14
-9.349752484955753e-14
-9.348077867343818e-14
9.326674617611934e-14
9.325873406851315e-14
2.477419878923938e-13
2.476907567938724e-13
9.344876890147862e-14
9.348077867343818e-14
-9.329299022804043e-14
-9.325873406851315e-14
9.345925615952728e-14
9.348077867343818e-14
7.72863725139109e-14
7.72715225139109e-14
-7.725e-14
-7.72715225139109e-14
-9.34215225139109e-14
-9.336975637097567e-14
-7.709823385706477e-14
-7.704947790898586e-14
-9.32012440519211e-14
-9.314771176605063e-14
-7.694646771412954e-14
-7.693845560652335e-14
7.72580121076062e-14
7.72715225139109e-14
9.32635104063047e-14
9.325873406851315e-14
-9.350477633779156e-14
-9.348077867343818e-14
-2.4772600233564665e-13
-2.476907567938724e-13
-9.32147544582258e-14
-9.325873406851315e-14
9.335602038971265e-14
9.336975637097567e-14
-9.333626401873699e-14
-9.336975637097567e-14
-2.4778349235223867e-13
-2.4780177909633494e-13
-9.351828674409626e-14
-9.348077867343818e-14
9.328750807065808e-14
9.325873406851315e-14
7.722122599785507e-14
7.72715225139109e-14
-7.694970348394418e-14
-7.693845560652335e-14
-9.323875212257918e-14
-9.325873406851315e-14
-7.726998194593398e-14
-7.72715225139109e-14
-9.342654056797691e-14
-9.348077867343818e-14
-7.722923810546126e-14
-7.72715225139109e-14
7.720771559155038e-14
7.716050021144838e-14
9.3452784619898e-14
9.348077867343818e-14
-9.322200594645983e-14
-9.325873406851315e-14
9.321327187794669e-14
9.325873406851315e-14
2.475454621905665e-13
2.475797344914099e-13
9.328427230084345e-14
9.325873406851315e-14
-9.327553823233029e-14
-9.325873406851315e-14
-7.705819583618286e-14
-7.704947790898586e-14
7.718371792719699e-14
7.716050021144838e-14
9.332678228425139e-14
9.336975637097567e-14
7.714297408672428e-14
7.716050021144838e-14
9.32675261247241e-14
9.325873406851315e-14
7.724120794378905e-14
7.72715225139109e-14
9.353031457012184e-14
9.348077867343818e-14
7.720046410331634e-14
7.716050021144838e-14
9.321003610813204e-14
9.325873406851315e-14
7.704869796038111e-14
7.704947790898586e-14
-7.724922005139524e-14
-7.72715225139109e-14
-9.337230246251565e-14
-9.336975637097567e-14
9.340254609154e-14
9.336975637097567e-14
2.4771721027943565e-13
2.476907567938724e-13
9.322354651443674e-14
9.325873406851315e-14
-9.33898124459236e-14
-9.336975637097567e-14
9.334505607494793e-14
9.336975637097567e-14
2.477747002960277e-13
2.4780177909633494e-13
9.35270788003072e-14
9.348077867343818e-14
-9.329630012686903e-14
-9.325873406851315e-14
-7.721243394164412e-14
-7.716050021144838e-14
-9.344806626980425e-14
-9.348077867343818e-14
-7.725771240363392e-14
-7.72715225139109e-14
7.726118988972303e-14
7.72715225139109e-14
9.344783262418786e-14
9.348077867343818e-14
-9.327955395074968e-14
-9.325873406851315e-14
-2.4772918011776344e-13
-2.476907567938724e-13
-9.346157667610896e-14
-9.348077867343818e-14
9.323079800267079e-14
9.325873406851315e-14
-9.347206393415764e-14
-9.348077867343818e-14
-2.477587147392805e-13
-2.4780177909633494e-13
-9.329306435705439e-14
-9.325873406851315e-14
9.328433028854125e-14
9.325873406851315e-14
7.702440377997191e-14
7.704947790898586e-14
-7.717492587098605e-14
-7.716050021144838e-14
-9.336057434046234e-14
-9.336975637097567e-14
-7.713418203051333e-14
-7.716050021144838e-14
-9.330131818093505e-14
-9.325873406851315e-14
-7.723241588757809e-14
-7.72715225139109e-14
7.69608933736672e-14
7.693845560652335e-14
9.322756223285615e-14
9.325873406851315e-14
-9.346882816434299e-14
-9.348077867343818e-14
-2.477619505090952e-13
-2.4780177909633494e-13
-9.328982858723975e-14
-9.325873406851315e-14
9.340609451872661e-14
9.336975637097567e-14
-9.341133814775094e-14
-9.336975637097567e-14
-7.715841822322473e-14
-7.716050021144838e-14
7.729791801177635e-14
7.72715225139109e-14
9.347360450213455e-14
9.348077867343818e-14
7.725717417130364e-14
7.72715225139109e-14
9.351434834260726e-14
9.348077867343818e-14
7.721643033083092e-14
7.72715225139109e-14
-7.719490781692002e-14
-7.716050021144838e-14
-9.334059239452835e-14
-9.336975637097567e-14
9.334583602355269e-14
9.336975637097567e-14
2.47773920347423e-13
2.4780177909633494e-13
9.327785874891197e-14
